0 0.3629807692307692 0.15144230769230768 0.328125 0.28365384615384615
0 0.39663461538461536 0.3870192307692308 0.3762019230769231 0.30649038461538464
0 0.6346153846153846 0.7319711538461539 0.2283653846153846 0.15745192307692307
0 0.8233173076923077 0.8930288461538461 0.3317307692307692 0.19110576923076922
0 0.4579326923076923 0.9266826923076923 0.36538461538461536 0.13701923076923078
0 0.8389423076923077 0.49278846153846156 0.3173076923076923 0.16826923076923078
0 0.6478365384615384 0.43149038461538464 0.234375 0.34615384615384615
0 0.84375 0.6971153846153846 0.2776442307692308 0.14903846153846154
0 0.8125 0.20432692307692307 0.3125 0.3016826923076923
0 0.14903846153846154 0.43028846153846156 0.16105769230769232 0.33413461538461536
0 0.40024038461538464 0.7740384615384616 0.29086538461538464 0.17307692307692307